0
711
711
711
711
711
711
711
711
711
711
711
711
711
711
711
711
711
711
711
711
711
711
711
711
711
711
711
711
711
711
711
711
711
711
711
711
711
711
711
711
711
711
711
711
711
711
711
711
711
711
711
711
711
711
711
711
711
711
711
711
711
711
711
711
711
711
711
711
711
698
678
667
653
638
624
614
605
595
588
585
581
578
573
570
562
564
565
558
552
552
554
553
555
560
557
560
565
572
575
579
589
572
560
563
564
564
569
577
584
584
583
587
581
578
578
583
574
565
566
561
552
543
540
542
547
557
570
557
555
568
579
586
589
583
577
574
570
569
569
572
579
588
589
592
586
580
575
558
542
545
549
546
539
544
557
566
578
585
590
591
589
586
580
576
583
588
588
587
583
575
565
559
551
556
562
566
571
576
576
574
588
601
599
595
587
574
563
554
547
538
534
535
540
543
552
563
574
578
580
579
586
600
599
591
588
591
589
581
569
557
551
548
542
539
549
563
574
579
579
574
566
567
573
577
573
572
570
573
573
576
599
604
596
582
573
567
562
549
530
524
526
529
534
538
568
594
601
600
604
602
601
603
598
590
583
