0
711
711
711
711
711
711
711
711
711
711
711
711
711
711
711
711
711
711
711
711
711
711
711
711
711
711
711
711
711
711
711
711
711
711
711
711
711
711
711
711
711
711
711
711
711
711
711
711
711
711
711
711
711
711
711
711
711
711
711
711
711
711
711
711
711
711
711
711
711
711
711
711
711
711
711
711
711
711
711
711
711
711
711
711
711
711
711
711
711
711
711
711
711
711
711
703
665
642
615
596
578
567
558
554
545
518
492
491
484
466
463
470
454
428
441
461
465
480
508
530
552
565
574
587
606
620
621
624
617
607
595
581
557
556
563
559
557
563
563
559
561
570
582
594
610
603
572
556
554
565
570
583
607
616
608
594
578
574
577
578
570
572
564
554
548
