0
711
711
711
711
711
711
711
711
711
711
711
711
711
711
711
711
711
711
711
711
711
711
711
711
711
711
711
711
711
711
711
711
711
711
711
711
711
711
711
711
711
711
711
711
711
711
711
711
711
711
711
711
711
711
711
711
711
711
711
711
711
711
711
711
711
711
697
684
679
661
639
622
607
592
572
565
558
548
540
530
525
526
521
512
511
505
503
511
518
532
544
559
564
564
565
573
579
591
597
587
586
580
576
571
560
553
555
559
560
560
559
559
558
561
569
574
573
573
564
561
561
551
551
556
556
551
544
540
544
547
559
572
582
591
591
590
585
572
562
567
570
569
574
569
560
556
556
556
554
562
564
566
569
572
566
560
561
566
574
586
591
588
585
577
578
582
580
580
588
583
573
570
568
561
555
548
543
546
546
553
561
558
560
575
581
580
574
573
584
596
593
585
573
565
562
559
559
561
555
549
541
540
543
543
544
548
551
557
565
577
596
605
607
606
597
583
572
565
552
538
527
521
523
527
527
535
555
570
578
579
598
612
608
602
598
587
570
559
546
540
527
533
544
551
540
538
550
565
567
578
584
586
586
580
581
588
587
583
575
570
561
553
546
555
562
567
600
617
614
599
587
580
568
561
586
606
598
579
551
539
533
529
532
530
528
526
526
522
527
534
533
537
538
542
549
556
562
569
582
591
588
583
584
578
572
560
549
548
556
564
572
566
556
559
569
574
576
588
591
591
584
579
572
567
566
563
558
552
554
560
566
565
567
574
579
581
581
575
568
557
548
551
568
582
579
574
567
562
558
563
571
577
582
583
580
574
560
553
548
543
539
538
543
551
553
561
571
577
587
596
600
596
596
587
578
564
560
566
563
558
562
563
571
565
556
546
542
551
554
556
558
558
559
560
556
557
560
562
568
572
574
570
572
572
570
572
568
563
561
553
545
538
536
543
548
554
545
544
548
554
560
572
575
580
618
638
630
620
607
595
588
587
579
571
568
592
605
594
577
552
539
538
532
524
527
536
536
539
554
562
565
571
571
568
565
561
556
553
555
555
560
562
566
569
572
574
576
574
574
569
562
559
546
534
534
544
554
564
570
572
579
587
589
588
584
585
590
596
601
604
590
579
575
565
554
542
542
546
545
544
546
551
561
565
570
569
557
551
553
558
556
552
552
567
575
574
569
561
562
566
578
589
593
598
598
598
588
577
569
564
562
556
546
539
535
530
531
537
548
554
551
550
