0
711
711
711
711
711
711
711
711
711
711
711
711
711
711
711
711
711
711
711
711
711
711
711
711
711
711
711
711
711
711
711
711
711
711
711
711
711
711
711
711
711
711
711
711
711
711
711
711
711
711
711
711
711
711
711
711
711
711
711
711
711
711
711
711
711
711
711
711
711
711
711
711
711
711
711
711
711
711
711
711
711
711
711
711
711
711
711
711
711
711
711
711
711
711
711
711
711
711
711
711
711
711
700
694
687
661
625
602
586
565
548
526
513
522
524
507
488
484
487
494
490
479
477
481
485
482
483
487
498
513
532
544
528
515
520
536
555
575
594
609
619
627
633
632
634
626
617
611
603
596
586
582
586
582
570
562
556
548
534
531
527
524
528
532
545
571
577
572
557
547
550
561
571
569
