0
711
711
711
711
711
711
711
711
711
711
711
711
711
711
711
711
711
711
711
711
711
711
711
711
711
711
711
711
711
711
711
711
711
711
711
711
711
711
711
711
711
711
711
711
711
711
711
711
711
711
711
711
711
711
711
711
711
711
711
711
711
711
711
711
711
711
711
711
711
711
711
711
711
711
711
711
711
711
711
711
711
711
711
711
711
711
711
711
711
711
711
711
711
711
711
711
711
711
711
711
711
711
711
711
711
711
711
711
711
711
711
711
711
711
711
711
711
711
711
704
699
691
680
669
648
634
619
604
596
587
570
546
520
498
496
499
493
480
480
486
494
500
514
527
534
540
553
564
578
589
617
635
635
628
608
592
585
576
569
559
553
550
556
562
563
568
575
581
585
574
568
570
577
576
568
561
564
565
571
570
565
558
557
559
564
560
553
548
551
551
554
561
566
571
566
563
563
561
