0
711
711
711
711
711
711
711
711
711
711
711
711
711
711
711
711
711
711
711
711
711
711
711
711
711
711
711
711
711
711
711
711
711
711
711
711
711
711
711
711
711
711
711
711
711
711
711
711
711
711
711
711
711
711
711
711
711
711
711
711
706
705
703
695
687
679
676
673
659
652
649
645
640
633
622
615
607
599
593
590
588
585
584
581
579
578
576
574
570
565
566
571
574
573
571
571
575
577
575
574
574
574
576
577
576
577
582
586
586
582
583
587
587
587
586
582
581
581
584
585
586
587
588
589
592
595
595
596
594
587
581
580
578
581
581
583
583
